jupyter examples/soil_preprocess_workflow/f.asc
ncols        102
nrows        75
xllcorner    470901.411187618272
yllcorner    3795499.249576271046
cellsize     250.000000000000
NODATA_value  -9999
[rows 51 to 67 of 75, columns 0 to 37 of 102]
0.012613970786333084106 0.013227391988039016724 0.015495522879064083099 0.01507918722927570343 0.014802169054746627808 0.012795066460967063904 0.01252831239253282547 0.013245685957372188568 0.01281400676816701889 0.013193056918680667877 0.013570765033364295959 0.015270831063389778137 0.016420992091298103333 0.015661038458347320557 0.014887090772390365601 0.021744418889284133911 0.0191163625568151474 0.015476950444281101227 0.013846823014318943024 0.013507341034710407257 0.014393716119229793549 0.013012552633881568909 0.014069598168134689331 0.013156039640307426453 0.011266826651990413666 0.013528674840927124023 0.014294526539742946625 0.0164786558598279953 0.018253313377499580383 0.013843619264662265778 0.01438870653510093689 0.015808189287781715393 0.013128498569130897522 0.012169313617050647736 0.011869044043123722076 0.014571238309144973755 0.013659618794918060303 0.014075734652578830719
0.011776210740208625793 0.013280033133924007416 0.013208971358835697174 0.013630792498588562012 0.012895803898572921753 0.012079736217856407166 0.011527352966368198395 0.011452145874500274658 0.012849840335547924042 0.013624063692986965179 0.013358682394027709961 0.015264484100043773651 0.015583861619234085083 0.019134348258376121521 0.01522280275821685791 0.013264610432088375092 0.013975230976939201355 0.013801730237901210785 0.011825608089566230774 0.012613583356142044067 0.013087424449622631073 0.014729403890669345856 0.013740246184170246124 0.014663255773484706879 0.01334086153656244278 0.01277398969978094101 0.0137166585773229599 0.016053676605224609375 0.018267253413796424866 0.018778804689645767212 0.016809718683362007141 0.015838932245969772339 0.014184259809553623199 0.013836526311933994293 0.012223203666508197784 0.013927333056926727295 0.013642367906868457794 0.014528034254908561707
0.011721496470272541046 0.015418203547596931458 0.013956583105027675629 0.012795066460967063904 0.013566382229328155518 0.013801572844386100769 0.011631243862211704254 0.011124637909233570099 0.01235158182680606842 0.013625199906527996063 0.014933698810636997223 0.015051265247166156769 0.021286411210894584656 0.017426855862140655518 0.014488086104393005371 0.014520636759698390961 0.015039058402180671692 0.012813181616365909576 0.013828728348016738892 0.012316268868744373322 0.013026009313762187958 0.013038689270615577698 0.013080951757729053497 0.013643142767250537872 0.014217277057468891144 0.014313009567558765411 0.014572706073522567749 0.016926927492022514343 0.017946390435099601746 0.015254883095622062683 0.013855308294296264648 0.013667507097125053406 0.014016701839864253998 0.016787098720669746399 0.016134276986122131348 0.014713323675096035004 0.014801396988332271576 0.014682423323392868042
0.010583153925836086273 0.010903305374085903168 0.012897163629531860352 0.012917903251945972443 0.013638890348374843597 0.011687469668686389923 0.011811215430498123169 0.014374657534062862396 0.015103102661669254303 0.01566698029637336731 0.013114023953676223755 0.014797083102166652679 0.019619118422269821167 0.019529322162270545959 0.018484840169548988342 0.017565615475177764893 0.016841463744640350342 0.012939597479999065399 0.012766808271408081055 0.013801363296806812286 0.012346450239419937134 0.013015518896281719208 0.012059147469699382782 0.013536981306970119476 0.014872259460389614105 0.012790997512638568878 0.012770960107445716858 0.013310048729181289673 0.011873598210513591766 0.012387817725539207458 0.012963426299393177032 0.012807956896722316742 0.013905965723097324371 0.015194397419691085815 0.014820790849626064301 0.016636766493320465088 0.014329226687550544739 0.013455826789140701294
0.013177963905036449432 0.010165242478251457214 0.011069790460169315338 0.012095727026462554932 0.01191285252571105957 0.012410094030201435089 0.011675511486828327179 0.013202310539782047272 0.015923226252198219299 0.01424195803701877594 0.014359865337610244751 0.018788227811455726624 0.020458957180380821228 0.017657987773418426514 0.018710415810346603394 0.017260890454053878784 0.01817074604332447052 0.010890945792198181152 0.014108831994235515594 0.015353624708950519562 0.016117325052618980408 0.018085077404975891113 0.010728438384830951691 0.012610984966158866882 0.011326467618346214294 0.011497758328914642334 0.012524200603365898132 0.011024929583072662354 0.01033078320324420929 0.010548161342740058899 0.010815002955496311188 0.013393143191933631897 0.011632497422397136688 0.015235199593007564545 0.013138572685420513153 0.013382955454289913177 0.013783937320113182068 0.014983842149376869202
0.012149298563599586487 0.011666309088468551636 0.012273658066987991333 0.013193687424063682556 0.013158845715224742889 0.01399629935622215271 0.011166137643158435822 0.013772137463092803955 0.016468249261379241943 0.014772787690162658691 0.016026420518755912781 0.017025034874677658081 0.01614883914589881897 0.015300512313842773438 0.015724726021289825439 0.017302324995398521423 0.019118720665574073792 0.012546633370220661163 0.016117457300424575806 0.015116371214389801025 0.014269184321165084839 0.016297077760100364685 0.010005461983382701874 0.012164693325757980347 0.011424622498452663422 0.011316337622702121735 0.012290707789361476898 0.0110842166468501091 0.010455397889018058777 0.010205956175923347473 0.010257664136588573456 0.01253107655793428421 0.011482437141239643097 0.013688061386346817017 0.013235713355243206024 0.012985859997570514679 0.013849426992237567902 0.014845249243080615997
0.012383108958601951599 0.013039902783930301666 0.013023701496422290802 0.013896530494093894958 0.014181819744408130646 0.013273627497255802155 0.010866853408515453339 0.014531763270497322083 0.015919934958219528198 0.016177406534552574158 0.01590588688850402832 0.017463533207774162292 0.014701735228300094604 0.01403222791850566864 0.013873104937374591827 0.014959765598177909851 0.015627341344952583313 0.010971836745738983154 0.016652375459671020508 0.016293782740831375122 0.015063142403960227966 0.013856541365385055542 0.013439546339213848114 0.011507156305015087128 0.010772504843771457672 0.013306227512657642365 0.012894096784293651581 0.013108154758810997009 0.01165285799652338028 0.011171530000865459442 0.010267021134495735168 0.010950904339551925659 0.010572770610451698303 0.010492649860680103302 0.010145661421120166779 0.01355152670294046402 0.014844913966953754425 0.011642035096883773804
0.011498408392071723938 0.013480299152433872223 0.012187260203063488007 0.013795851729810237885 0.013334331102669239044 0.011924955993890762329 0.012388442642986774445 0.014182268641889095306 0.013124488294124603271 0.014824676327407360077 0.0179119110107421875 0.017051745206117630005 0.014859474264085292816 0.017038894817233085632 0.018010945990681648254 0.015275700949132442474 0.016222909092903137207 0.01470758393406867981 0.01676615886390209198 0.01634375937283039093 0.013353322632610797882 0.013958163559436798096 0.012170164845883846283 0.00982436351478099823 0.010236467234790325165 0.012738503515720367432 0.012955732643604278564 0.013714881613850593567 0.011510910466313362122 0.011923931539058685303 0.013257846236228942871 0.010867563076317310333 0.0097519569098949432373 0.010904129594564437866 0.010186107829213142395 0.01021696627140045166 0.011435361579060554504 0.010900432243943214417
0.014353244565427303314 0.014724874868988990784 0.016243804246187210083 0.016177076846361160278 0.014911343343555927277 0.016811165958642959595 0.015452083200216293335 0.016277097165584564209 0.016359487548470497131 0.01720804162323474884 0.016816357150673866272 0.018007546663284301758 0.015668805688619613647 0.014983655884861946106 0.012724996544420719147 0.015870699658989906311 0.012271719053387641907 0.011993530206382274628 0.012479203753173351288 0.011536657810211181641 0.011275370605289936066 0.011377546936273574829 0.011450764723122119904 0.01152542605996131897 0.0099734859541058540344 0.012334289029240608215 0.012259282171726226807 0.012535127811133861542 0.012786406092345714569 0.012835303321480751038 0.013533181510865688324 0.0095182834193110466003 0.0100617995485663414 0.009892767295241355896 0.0094538321718573570251 0.0094982758164405822754 0.010422809980809688568 0.011263280175626277924
0.017724636942148208618 0.019140297546982765198 0.015001819469034671783 0.017410237342119216919 0.014607819728553295135 0.016697840765118598938 0.016619095578789710999 0.015838930383324623108 0.016765335574746131897 0.01590719074010848999 0.013924410566687583923 0.014903180301189422607 0.01416774652898311615 0.011783743277192115784 0.013433868065476417542 0.010012378916144371033 0.0088886087760329246521 0.010062519460916519165 0.013638911768794059753 0.012320423498749732971 0.012828840874135494232 0.013531740754842758179 0.013578752055764198303 0.013220686465501785278 0.010415605269372463226 0.01100523676723241806 0.012341332621872425079 0.012848033569753170013 0.012383826076984405518 0.011780007742345333099 0.0093265604227781295776 0.0130558013916015625 0.013304448686540126801 0.013064966537058353424 0.013050287030637264252 0.01218103896826505661 0.011807541362941265106 0.010826453566551208496
0.013927300460636615753 0.014185626991093158722 0.014412522315979003906 0.01538879983127117157 0.014681790955364704132 0.015569267794489860535 0.015741234645247459412 0.015672637149691581726 0.015615476295351982117 0.016448888927698135376 0.016447629779577255249 0.015757225453853607178 0.01584841310977935791 0.013470064848661422729 0.013644135557115077972 0.013223669491708278656 0.012516319751739501953 0.012593535706400871277 0.012801328673958778381 0.010725981555879116058 0.01036847289651632309 0.013842795044183731079 0.014716896228492259979 0.014939759857952594757 0.012872999534010887146 0.012368954718112945557 0.012416929006576538086 0.012962343171238899231 0.013484116643667221069 0.013217397034168243408 0.013506893068552017212 0.011905805207788944244 0.012235268019139766693 0.013980100862681865692 0.015284271910786628723 0.015514879487454891205 0.014452800154685974121 0.012553527019917964935
0.013142873533070087433 0.013562077656388282776 0.013670489192008972168 0.014618047513067722321 0.013557910919189453125 0.013627189211547374725 0.012304838746786117554 0.013676296919584274292 0.014414694160223007202 0.014623189345002174377 0.016253698617219924927 0.014935217797756195068 0.012338686734437942505 0.014728795737028121948 0.014162159524857997894 0.013152666389942169189 0.0135073075070977211 0.011764117516577243805 0.015369841828942298889 0.012440491467714309692 0.012442544102668762207 0.01408123411238193512 0.016110185533761978149 0.015599258244037628174 0.013487603515386581421 0.012117497622966766357 0.0097054550424218177795 0.015401282347738742828 0.0150608820840716362 0.015162330120801925659 0.015142475254833698273 0.013737217523157596588 0.012358818203210830688 0.012504727579653263092 0.013125765137374401093 0.015817034989595413208 0.014490933157503604889 0.01669272594153881073
0.015517768450081348419 0.015813346952199935913 0.011749311350286006927 0.012232961133122444153 0.011651135049760341644 0.013563726097345352173 0.01310022454708814621 0.011518975719809532166 0.012503620237112045288 0.012017735280096530914 0.014695362187922000885 0.014214829541742801666 0.013029311783611774445 0.014174143783748149872 0.011441449634730815887 0.013015377335250377655 0.013696188107132911682 0.011987695470452308655 0.013590040616691112518 0.012703539803624153137 0.01290970388799905777 0.013622773811221122742 0.012010939419269561768 0.014168409630656242371 0.015886042267084121704 0.012118686921894550323 0.010529953055083751678 0.013489748351275920868 0.014045012183487415314 0.01275396440178155899 0.014317733235657215118 0.012321393005549907684 0.014679420739412307739 0.014020172879099845886 0.012342697009444236755 0.012076514773070812225 0.016892602667212486267 0.015906779095530509949
0.015486169606447219849 0.015547223389148712158 0.011928133666515350342 0.012415491044521331787 0.0089772436767816543579 0.011818208731710910797 0.011062487959861755371 0.011102804914116859436 0.010862288065254688263 0.013710155151784420013 0.013348498381674289703 0.012483511120080947876 0.013817006722092628479 0.013155192136764526367 0.014286505058407783508 0.013092658482491970062 0.011974736116826534271 0.013015032745897769928 0.013434493914246559143 0.013639212585985660553 0.013913202099502086639 0.015716550871729850769 0.01470998767763376236 0.011909244582056999207 0.01341283600777387619 0.013198347762227058411 0.013520778156816959381 0.013994939625263214111 0.014049358665943145752 0.010553793050348758698 0.011088430881500244141 0.010864744894206523895 0.011098294518887996674 0.012995494529604911804 0.013069959357380867004 0.013079024851322174072 0.015387488529086112976 0.015974739566445350647
0.014000417664647102356 0.013827191665768623352 0.010153429582715034485 0.010794512927532196045 0.0095876166597008705139 0.0094744162634015083313 0.01141449902206659317 0.013420302420854568481 0.013098224066197872162 0.01260231994092464447 0.012078288942575454712 0.01449200604110956192 0.01705479063093662262 0.014270281419157981873 0.01660965941846370697 0.016679029911756515503 0.014770172536373138428 0.013680728152394294739 0.013763523660600185394 0.014057313092052936554 0.01420803554356098175 0.013461527414619922638 0.013462550938129425049 0.015989277511835098267 0.015414854511618614197 0.015838634222745895386 0.014532121829688549042 0.011267314665019512177 0.012542948126792907715 0.01105653960257768631 0.012031527236104011536 0.012947184965014457703 0.013507707975804805756 0.012951304204761981964 0.012850834056735038757 0.011981260962784290314 0.014627915807068347931 0.015165770426392555237
0.014914108440279960632 0.012757495976984500885 0.010825252160429954529 0.0096688475459814071655 0.0093021010980010032654 0.009626517072319984436 0.012760587036609649658 0.0146122761070728302 0.012521920725703239441 0.012643556110560894012 0.012562661431729793549 0.012261423282325267792 0.016936868429183959961 0.017172817140817642212 0.016234576702117919922 0.016682120040059089661 0.016071679070591926575 0.014621888287365436554 0.01388263702392578125 0.01362255588173866272 0.013652687892317771912 0.013671603985130786896 0.013994506560266017914 0.013981765136122703552 0.013756910338997840881 0.014854169450700283051 0.013862151652574539185 0.013928561471402645111 0.013170323334634304047 0.01304378267377614975 0.012263859622180461884 0.011550175957381725311 0.012252898886799812317 0.011192505247890949249 0.010874135419726371765 0.011299432255327701569 0.015082873404026031494 0.015847384929656982422
0.013318399898707866669 0.013244360685348510742 0.011057712137699127197 0.011359543539583683014 0.011306671425700187683 0.010588106699287891388 0.013260691426694393158 0.014323968440294265747 0.015806265175342559814 0.015781521797180175781 0.014247124083340167999 0.012776575051248073578 0.014726665802299976349 0.013997947797179222107 0.01368564460426568985 0.016081174835562705994 0.01634539477527141571 0.015927890315651893616 0.014431688003242015839 0.014068406075239181519 0.013153901323676109314 0.013795222155749797821 0.013629110530018806458 0.013205224648118019104 0.014961244538426399231 0.01359021943062543869 0.0138838915154337883 0.013412297703325748444 0.012726642191410064697 0.013023448176681995392 0.012412889860570430756 0.012646030634641647339 0.013251742348074913025 0.013556572608649730682 0.013232475146651268005 0.011619619093835353851 0.012995561584830284119 0.015028020367026329041
