jupyter examples/soil_preprocess_workflow/f.asc
ncols        102
nrows        75
xllcorner    470901.411187618272
yllcorner    3795499.249576271046
cellsize     250.000000000000
NODATA_value  -9999
[rows 0 to 16 of 75, columns 0 to 37 of 102]
0.019818067550659179688 0.019981134682893753052 0.020217634737491607666 0.019079906865954399109 0.019187608733773231506 0.016716772690415382385 0.015403692610561847687 0.013036084361374378204 0.021541373804211616516 0.021873716264963150024 0.020069060847163200378 0.020774178206920623779 0.017192453145980834961 0.017248090356588363647 0.015726730227470397949 0.014937845990061759949 0.014478738419711589813 0.012854676693677902222 0.013564773835241794586 0.013519468717277050018 0.01309355907142162323 0.013230014592409133911 0.018026305362582206726 0.018632981926202774048 0.019472068175673484802 0.018635040149092674255 0.020729295909404754639 0.020864496007561683655 0.0182973518967628479 0.015669560059905052185 0.019988883286714553833 0.020116154104471206665 0.018264448270201683044 0.015864044427871704102 0.013626014813780784607 0.012540262192487716675 0.012861807830631732941 0.011053417809307575226
0.016748685389757156372 0.016796212643384933472 0.018988348543643951416 0.017600581049919128418 0.019928943365812301636 0.015669535845518112183 0.014126550406217575073 0.014339286834001541138 0.022457370534539222717 0.025892382487654685974 0.022036958485841751099 0.022392829880118370056 0.016514832153916358948 0.015444642864167690277 0.014602208510041236877 0.014203893020749092102 0.015411008149385452271 0.013740540482103824615 0.014268808066844940186 0.01464149821549654007 0.013834931887686252594 0.014291211962699890137 0.019359067082405090332 0.013884439133107662201 0.017774907872080802917 0.01804809272289276123 0.022456586360931396484 0.019894389435648918152 0.017601015046238899231 0.016676891595125198364 0.015463488176465034485 0.020202610641717910767 0.020574748516082763672 0.014083559624850749969 0.014283293858170509338 0.014343524351716041565 0.012835155241191387177 0.012433827854692935944
0.01712672598659992218 0.017074845731258392334 0.016806062310934066772 0.017850561067461967468 0.017323985695838928223 0.018124524503946304321 0.013911822810769081116 0.01670578494668006897 0.021094756200909614563 0.022676305845379829407 0.021422652527689933777 0.015471720136702060699 0.014469374902546405792 0.013605139218270778656 0.012154855765402317047 0.012231319211423397064 0.013273457065224647522 0.01235445123165845871 0.012116000056266784668 0.014427983202040195465 0.014247157610952854156 0.012827682308852672577 0.015855392441153526306 0.012991895899176597595 0.020013688132166862488 0.020121479406952857971 0.021102581173181533813 0.01870968937873840332 0.018412845209240913391 0.017431510612368583679 0.017474938184022903442 0.017939323559403419495 0.014539349824190139771 0.014340003952383995056 0.014696326106786727905 0.016741003841161727905 0.016129884868860244751 0.013620764948427677155
0.017986314371228218079 0.017682779580354690552 0.015036268159747123718 0.018852734938263893127 0.019359318539500236511 0.018391210585832595825 0.015069314278662204742 0.01493455842137336731 0.019535599276423454285 0.019154638051986694336 0.019372712820768356323 0.014750385656952857971 0.01601123809814453125 0.012446527369320392609 0.011817262507975101471 0.012668666429817676544 0.01368475053459405899 0.012542562559247016907 0.012512172572314739227 0.012380308471620082855 0.011882319115102291107 0.012343039736151695251 0.015298101119697093964 0.015904573723673820496 0.014892171137034893036 0.01861630566418170929 0.018884314224123954773 0.016291048377752304077 0.015807811170816421509 0.015937462449073791504 0.01870347931981086731 0.018735602498054504395 0.012847682461142539978 0.015552363358438014984 0.016510430723428726196 0.015674615278840065002 0.015808293595910072327 0.013765069656074047089
0.023462910205125808716 0.018667368218302726746 0.01772121526300907135 0.023177877068519592285 0.023329062387347221375 0.02158725447952747345 0.018284162506461143494 0.016437422484159469604 0.01666277274489402771 0.022723363712430000305 0.018242916092276573181 0.014673179946839809418 0.013318813405930995941 0.012216634117066860199 0.012064095586538314819 0.012935504317283630371 0.013264955952763557434 0.012245222926139831543 0.011776933446526527405 0.012016478925943374634 0.01188181806355714798 0.011807675473392009735 0.015072978101670742035 0.014665255323052406311 0.014528276398777961731 0.018937921151518821716 0.017007719725370407104 0.015104630030691623688 0.016238611191511154175 0.015557534992694854736 0.019119326025247573853 0.01942967437207698822 0.013109519146382808685 0.016356848180294036865 0.016761466860771179199 0.015531502664089202881 0.017869172617793083191 0.014371942728757858276
0.02313520386815071106 0.018274996429681777954 0.018051933497190475464 0.022463805973529815674 0.022718481719493865967 0.022641109302639961243 0.018550673499703407288 0.016001084819436073303 0.016293877735733985901 0.023884514346718788147 0.018532536923885345459 0.013328585773706436157 0.012055763974785804749 0.011961678043007850647 0.013869242742657661438 0.013900585472583770752 0.01766627095639705658 0.013790824450552463531 0.014307331293821334839 0.013118988834321498871 0.011987810954451560974 0.01374348904937505722 0.017080621793866157532 0.015489214099943637848 0.015997627750039100647 0.017052048817276954651 0.015647115185856819153 0.019841305911540985107 0.019229730591177940369 0.016469281166791915894 0.019070923328399658203 0.02078229561448097229 0.013832673430442810059 0.014037127606570720673 0.017496028915047645569 0.020408514887094497681 0.01232898421585559845 0.014702169224619865417
0.019982982426881790161 0.018909988924860954285 0.015576240606606006622 0.021861379966139793396 0.019049981608986854553 0.019125325605273246765 0.015444731339812278748 0.014248229563236236572 0.01486854255199432373 0.019992083311080932617 0.017860936000943183899 0.017020570114254951477 0.014279900118708610535 0.013609087094664573669 0.015518564730882644653 0.018188329413533210754 0.014670995064079761505 0.015480259433388710022 0.015859605744481086731 0.012222467921674251556 0.015155790373682975769 0.016510101035237312317 0.018799532204866409302 0.019083281978964805603 0.016121732071042060852 0.020498549565672874451 0.020244192332029342651 0.020347278565168380737 0.01882010139524936676 0.019349571317434310913 0.020379763096570968628 0.017113566398620605469 0.015684336423873901367 0.017532415688037872314 0.018481932580471038818 0.019486512988805770874 0.01688238978385925293 0.017653869464993476868
0.018426243215799331665 0.019418120384216308594 0.016240904107689857483 0.018812021240592002869 0.022891333326697349548 0.016078058630228042603 0.016808083280920982361 0.014676400460302829742 0.014641706831753253937 0.017134157940745353699 0.0166866350919008255 0.017226105555891990662 0.014987648464739322662 0.012494562193751335144 0.013850603252649307251 0.016937915235757827759 0.013919343240559101105 0.011839982122182846069 0.011901983991265296936 0.012076379731297492981 0.014542796649038791656 0.021113554015755653381 0.019942676648497581482 0.014736466109752655029 0.012783652171492576599 0.014915533363819122314 0.016542982310056686401 0.026438677683472633362 0.022014075890183448792 0.019186967983841896057 0.019764455035328865051 0.01545302756130695343 0.015881787985563278198 0.015993284061551094055 0.019129605963826179504 0.015309403650462627411 0.018429454416036605835 0.019481636583805084229
0.017254795879125595093 0.016220329329371452332 0.016382141038775444031 0.019511800259351730347 0.022786868736147880554 0.015232373960316181183 0.016041586175560951233 0.014599466696381568909 0.014070496894419193268 0.015156089328229427338 0.014641898684203624725 0.012755947187542915344 0.013644588179886341095 0.011119096539914608002 0.018901266157627105713 0.015501349233090877533 0.014620831236243247986 0.012612701393663883209 0.013067224994301795959 0.014999048784375190735 0.017143510282039642334 0.02471992000937461853 0.015821596607565879822 0.013214537873864173889 0.012073132209479808807 0.014055216684937477112 0.012606422416865825653 0.019428348168730735779 0.017495702952146530151 0.018820574507117271423 0.01922257058322429657 0.013479145243763923645 0.013525029644370079041 0.017066868022084236145 0.016097892075777053833 0.017104281112551689148 0.017982060089707374573 0.02319548092782497406
0.017439270392060279846 0.015744397416710853577 0.015602819621562957764 0.019287230446934700012 0.016809003427624702454 0.014146110042929649353 0.013455373235046863556 0.015757979825139045715 0.014594313688576221466 0.013109454885125160217 0.013244474306702613831 0.01299030892550945282 0.013308474794030189514 0.014527423307299613953 0.013919239863753318787 0.014396958053112030029 0.014045641757547855377 0.011790406890213489532 0.013901411555707454681 0.018538517877459526062 0.013403469696640968323 0.013879156671464443207 0.010668202303349971771 0.010115739889442920685 0.010637387633323669434 0.011059110052883625031 0.011018179357051849365 0.015514554455876350403 0.018226036801934242249 0.015568223781883716583 0.010896356776356697083 0.011317717842757701874 0.016758771613240242004 0.016319369897246360779 0.012828416191041469574 0.017822740599513053894 0.018025439232587814331 0.021485028788447380066
0.016046065837144851685 0.015881570056080818176 0.016028344631195068359 0.013862742111086845398 0.014237971045076847076 0.010707498528063297272 0.010471916757524013519 0.017404966056346893311 0.0185688752681016922 0.017835861071944236755 0.019958425313234329224 0.01938273012638092041 0.018555117771029472351 0.01627307012677192688 0.014999577775597572327 0.013489608652889728546 0.013486401177942752838 0.016039656475186347961 0.017730301246047019958 0.013107305392622947693 0.0093970568850636482239 0.0095436712726950645447 0.0095189381390810012817 0.008620285429060459137 0.0095228636637330055237 0.010532385669648647308 0.010576304979622364044 0.0173542071133852005 0.015910139307379722595 0.018728371709585189819 0.018752828240394592285 0.01610195450484752655 0.01602593250572681427 0.017631664872169494629 0.018936766311526298523 0.019093321636319160461 0.020134728401899337769 0.019478376954793930054
0.015943460166454315186 0.015747174620628356934 0.016290934756398200989 0.012718996033072471619 0.012309213168919086456 0.012059966102242469788 0.012252733111381530762 0.019143667072057723999 0.014359422028064727783 0.014190706424415111542 0.01396255195140838623 0.016609285026788711548 0.020906656980514526367 0.015236181207001209259 0.013632459565997123718 0.013288472779095172882 0.010483471676707267761 0.0140563230961561203 0.013353214599192142487 0.014195746742188930511 0.013627255335450172424 0.0097042191773653030396 0.0096584735438227653503 0.0099132619798183441162 0.01081736292690038681 0.010833980515599250793 0.010537475347518920898 0.01310072094202041626 0.016084020957350730896 0.016615187749266624451 0.016199292615056037903 0.013538143597543239594 0.018852131441235542297 0.018841689452528953552 0.018133159726858139038 0.018167173489928245544 0.024044174700975418091 0.017229879274964332581
0.016783716157078742981 0.015148888342082500458 0.014835885725915431976 0.012427344918251037598 0.011664414778351783752 0.011850951239466667175 0.01161933504045009613 0.017510818317532539368 0.016151644289493560791 0.016645381227135658264 0.011362238787114620209 0.010511387139558792114 0.011531757190823554993 0.011054702103137969971 0.010607844218611717224 0.010424956679344177246 0.014248054474592208862 0.011667875573039054871 0.011730639263987541199 0.011401890777051448822 0.010243804194033145905 0.0094297090545296669006 0.011953446082770824432 0.011175823397934436798 0.011102459393441677094 0.011434884741902351379 0.010995091870427131653 0.011892423965036869049 0.017173798754811286926 0.017457764595746994019 0.016766622662544250488 0.014931374229490756989 0.017232364043593406677 0.018782816827297210693 0.019001437351107597351 0.018298484385013580322 0.017764298245310783386 0.02424607984721660614
0.014296908862888813019 0.016423521563410758972 0.017492054030299186707 0.013186790049076080322 0.012283526360988616943 0.01383385341614484787 0.023950448259711265564 0.012943493202328681946 0.010678844526410102844 0.010694513097405433655 0.011619159020483493805 0.0098145268857479095459 0.011111082509160041809 0.011402717791497707367 0.011308440007269382477 0.011866979300975799561 0.013876434415578842163 0.011834611184895038605 0.010912776924669742584 0.01113473065197467804 0.010601565241813659668 0.010467888787388801575 0.015508872456848621368 0.015817787498235702515 0.011284336447715759277 0.012279344722628593445 0.010367953218519687653 0.011148106306791305542 0.011516751721501350403 0.019297454506158828735 0.017463356256484985352 0.015168581157922744751 0.019402189180254936218 0.017939994111657142639 0.017645534127950668335 0.015506320632994174957 0.016136405989527702332 0.02175856567919254303
0.016450727358460426331 0.014012129977345466614 0.016778463497757911682 0.016921095550060272217 0.017151936888694763184 0.015063500963151454926 0.012048409320414066315 0.0093186227604746818542 0.0091882310807704925537 0.0095955878496170043945 0.0110913105309009552 0.010251779109239578247 0.016245950013399124146 0.015882043167948722839 0.011477707885205745697 0.015981130301952362061 0.016090273857116699219 0.012654962018132209778 0.011981393210589885712 0.011401845142245292664 0.011167026124894618988 0.011271217837929725647 0.013007805682718753815 0.012639820575714111328 0.010733784176409244537 0.010558023117482662201 0.010401040315628051758 0.012897327542304992676 0.011690894141793251038 0.011978225782513618469 0.020008169114589691162 0.012478084303438663483 0.016643421724438667297 0.017276525497436523438 0.025141397491097450256 0.022705920040607452393 0.023092025890946388245 0.020830973982810974121
0.013426792807877063751 0.013878379017114639282 0.013897335156798362732 0.010415094904601573944 0.01152602117508649826 0.011227822862565517426 0.0096302544698119163513 0.009607381187379360199 0.0094572752714157104492 0.0099483262747526168823 0.0096768233925104141235 0.0099861295893788337708 0.013312838971614837646 0.015578944236040115356 0.013281486928462982178 0.017899567261338233948 0.015915416181087493896 0.015075568109750747681 0.012630309909582138062 0.012233876623213291168 0.01329605933278799057 0.013537815771996974945 0.012569245882332324982 0.010381226427853107452 0.011109279468655586243 0.012253187596797943115 0.012182628735899925232 0.012963589280843734741 0.010892360471189022064 0.010225568898022174835 0.012303725816309452057 0.024544123560190200806 0.014071218669414520264 0.013675225898623466492 0.020345525816082954407 0.020726699382066726685 0.022354947403073310852 0.02461265958845615387
0.014164343476295471191 0.019295034930109977722 0.012437607161700725555 0.0099156303331255912781 0.011295031756162643433 0.01100726984441280365 0.011571089737117290497 0.011391761712729930878 0.013827192597091197968 0.012627396732568740845 0.012292537838220596313 0.013853957876563072205 0.013284496031701564789 0.015889501199126243591 0.013387726619839668274 0.014554702676832675934 0.01752942986786365509 0.012318092398345470428 0.017605597153306007385 0.016027532517910003662 0.013255446217954158783 0.010133258067071437836 0.0099377501755952835083 0.0092258453369140625 0.010731356218457221985 0.011102259159088134766 0.010252411477267742157 0.011068765074014663696 0.012954794801771640778 0.011243333108723163605 0.012020523659884929657 0.012211022898554801941 0.011295540258288383484 0.013093803077936172485 0.016211364418268203735 0.014376837760210037231 0.019168265163898468018 0.020096948370337486267
