jupyter examples/soil_preprocess_workflow/f.asc
ncols        102
nrows        75
xllcorner    470901.411187618272
yllcorner    3795499.249576271046
cellsize     250.000000000000
NODATA_value  -9999
[rows 0 to 16 of 75, columns 38 to 75 of 102]
0.015298308804631233215 0.013985825702548027039 0.017597908154129981995 0.017961392179131507874 0.021267507225275039673 0.014656235463917255402 0.01359523087739944458 0.014776169322431087494 0.014767353422939777374 0.013504786416888237 0.014678085222840309143 0.01336309872567653656 0.015759559348225593567 0.01511324755847454071 0.016866704449057579041 0.017582086846232414246 0.014481147751212120056 0.014204766601324081421 0.015587711706757545471 0.014613064005970954895 0.014609776437282562256 0.014403510838747024536 0.01392961014062166214 0.013848166912794113159 0.014810604974627494812 0.016147051006555557251 0.015887720510363578796 0.015971824526786804199 0.014408109709620475769 0.016638455912470817566 0.015880834311246871948 0.014501105993986129761 0.014085621573030948639 0.01232969481498003006 0.014655481092631816864 0.013618377968668937683 0.013894077390432357788 0.01427308935672044754
0.012893030419945716858 0.01588206365704536438 0.015966385602951049805 0.017221357673406600952 0.016335057094693183899 0.012963468208909034729 0.01541033666580915451 0.015753509476780891418 0.014488064683973789215 0.01509116683155298233 0.016327140852808952332 0.014347930438816547394 0.01630557328462600708 0.014670431613922119141 0.015177674591541290283 0.014606957323849201202 0.015810122713446617126 0.015737853944301605225 0.01576925814151763916 0.014923021197319030762 0.014943913556635379791 0.011469633318483829498 0.011003100313246250153 0.013845063745975494385 0.013073001988232135773 0.013771223835647106171 0.01462751440703868866 0.014226478524506092072 0.015508548356592655182 0.016413854435086250305 0.016493413597345352173 0.016411224380135536194 0.017625171691179275513 0.015427932143211364746 0.013819761574268341064 0.015448047779500484467 0.015213075093924999237 0.014976346865296363831
0.016412546858191490173 0.015942143276333808899 0.015254475176334381104 0.018811583518981933594 0.013857445679605007172 0.012881664559245109558 0.013132223859429359436 0.014869166538119316101 0.015882875770330429077 0.01698085293173789978 0.016378315165638923645 0.015563623048365116119 0.016778038814663887024 0.015720605850219726562 0.015052407979965209961 0.014958621934056282043 0.015389342792332172394 0.014486116357147693634 0.013494826853275299072 0.014853987842798233032 0.01314050331711769104 0.013097048737108707428 0.01240375172346830368 0.012836595997214317322 0.013605947606265544891 0.013669271953403949738 0.014001593925058841705 0.013622837141156196594 0.017059830948710441589 0.019514951854944229126 0.017672270536422729492 0.017350530251860618591 0.015629315748810768127 0.016415106132626533508 0.013561756350100040436 0.014938284642994403839 0.015118349343538284302 0.014737648889422416687
0.016712358221411705017 0.016303559765219688416 0.01478679850697517395 0.017416590824723243713 0.013504019007086753845 0.01255412958562374115 0.01302694808691740036 0.014315052889287471771 0.014649103395640850067 0.016926873475313186646 0.01718256436288356781 0.017218111082911491394 0.017220485955476760864 0.015898769721388816833 0.015348789282143115997 0.014694153331220149994 0.015488927252590656281 0.014441092498600482941 0.013279607519507408142 0.014580244198441505432 0.012922420166432857513 0.013042276725172996521 0.012750337831676006317 0.012805009260773658752 0.013608537614345550537 0.013480845838785171509 0.014251718297600746155 0.013140656985342502594 0.017092067748308181763 0.019861515611410140991 0.017640391364693641663 0.017313404008746147156 0.01565438881516456604 0.016398753970861434937 0.014366297982633113861 0.015545188449323177338 0.015537939034402370453 0.014784742146730422974
0.013978549279272556305 0.014073408208787441254 0.017590964213013648987 0.017249163240194320679 0.013710152357816696167 0.013838482089340686798 0.013140005059540271759 0.012222263030707836151 0.015349351800978183746 0.015211299993097782135 0.014810957945883274078 0.013567351736128330231 0.015106967650353908539 0.013495804741978645325 0.01350535266101360321 0.012931647710502147675 0.015913907438516616821 0.014270465821027755737 0.013827682472765445709 0.013839045539498329163 0.013902426697313785553 0.013137627393007278442 0.011845664121210575104 0.014913717284798622131 0.013780180364847183228 0.013871375471353530884 0.014416280202567577362 0.01658003591001033783 0.0171338692307472229 0.017619183287024497986 0.016671655699610710144 0.014385106973350048065 0.015064615756273269653 0.014012708328664302826 0.015368847176432609558 0.014838103204965591431 0.015754027292132377625 0.015986276790499687195
0.015035263262689113617 0.014468017034232616425 0.014407208189368247986 0.015723519027233123779 0.015041073784232139587 0.014541661366820335388 0.013965414837002754211 0.013851894065737724304 0.013714141212403774261 0.012802903540432453156 0.013673589564859867096 0.012217993848025798798 0.014188169501721858978 0.013657536357641220093 0.013342436403036117554 0.013926792889833450317 0.015171027742326259613 0.014273709617555141449 0.015415808185935020447 0.013637674972414970398 0.01500881928950548172 0.013376045040786266327 0.013855182565748691559 0.014497978612780570984 0.012819021940231323242 0.015109837055206298828 0.015900148078799247742 0.017096901312470436096 0.016266657039523124695 0.0185259990394115448 0.015317928977310657501 0.013942003250122070312 0.015020043589174747467 0.015040175989270210266 0.016165496781468391418 0.015680590644478797913 0.014135515317320823669 0.014154142700135707855
0.022420657798647880554 0.014999168924987316132 0.016154119744896888733 0.018137710168957710266 0.019106244668364524841 0.017350146546959877014 0.01486521400511264801 0.012495121918618679047 0.012774161063134670258 0.014805779792368412018 0.011219572275876998901 0.012514666654169559479 0.012853376567363739014 0.01308163907378911972 0.013087724335491657257 0.015028947032988071442 0.014649612829089164734 0.014873627573251724243 0.013437982648611068726 0.014657725580036640167 0.014699477702379226685 0.014377249404788017273 0.015796970576047897339 0.015049096196889877319 0.016120331361889839172 0.015250192955136299133 0.01455875299870967865 0.014979631640017032623 0.016012918204069137573 0.01479193568229675293 0.015914797782897949219 0.014451224356889724731 0.013868038542568683624 0.014381199143826961517 0.016017846763134002686 0.014877550303936004639 0.012254229746758937836 0.014973929151892662048
0.019420830532908439636 0.018333204090595245361 0.019308431074023246765 0.014675348065793514252 0.02595473267138004303 0.017044581472873687744 0.014301230199635028839 0.011752902530133724213 0.012623704038560390472 0.014730749651789665222 0.012448279187083244324 0.012347340583801269531 0.012377016246318817139 0.013562167063355445862 0.012727053835988044739 0.011819524690508842468 0.013949320651590824127 0.015268682502210140228 0.015723932534456253052 0.016985557973384857178 0.017998300492763519287 0.019886612892150878906 0.017143499106168746948 0.014441739767789840698 0.016633819788694381714 0.014660102315247058868 0.01388150826096534729 0.016020767390727996826 0.01475493796169757843 0.01620057225227355957 0.0163526926189661026 0.015019798651337623596 0.014351816847920417786 0.013773726299405097961 0.0137974591925740242 0.01413983665406703949 0.013004555366933345795 0.012909914366900920868
0.022965895012021064758 0.019721826538443565369 0.016935132443904876709 0.015346092171967029572 0.020035486668348312378 0.023015173152089118958 0.016132542863488197327 0.012914957478642463684 0.013877437449991703033 0.012903221882879734039 0.01219952758401632309 0.013786952011287212372 0.013190764002501964569 0.013539901003241539001 0.014374024234712123871 0.012991202995181083679 0.013286789879202842712 0.010010303929448127747 0.011193117126822471619 0.015025584027171134949 0.015771664679050445557 0.016309663653373718262 0.017071010544896125793 0.017510401085019111633 0.014853751286864280701 0.01555003039538860321 0.014334321953356266022 0.014955257996916770935 0.015234940685331821442 0.013710857369005680084 0.014102992601692676544 0.013528821058571338654 0.013881762512028217316 0.01446573156863451004 0.014302735216915607452 0.014501627534627914429 0.01294205058366060257 0.013439768925309181213
0.022085318341851234436 0.019870502874255180359 0.016253747045993804932 0.016844380646944046021 0.017110515385866165161 0.022545984014868736267 0.012830032967031002045 0.01383310370147228241 0.014399194158613681793 0.01156725175678730011 0.011886101216077804565 0.012405809015035629272 0.013189053162932395935 0.013756907545030117035 0.012506615370512008667 0.013653640635311603546 0.012075728736817836761 0.013725611381232738495 0.014232370071113109589 0.014347970485687255859 0.01403331756591796875 0.014111047610640525818 0.017660915851593017578 0.017011374235153198242 0.015791228041052818298 0.019569946452975273132 0.01659480854868888855 0.016015093773603439331 0.01594755612313747406 0.015842607244849205017 0.01521817035973072052 0.013240282423794269562 0.013098880648612976074 0.013441069051623344421 0.015386478975415229797 0.015651086345314979553 0.014993694610893726349 0.014750346541404724121
0.019046640023589134216 0.018417710438370704651 0.017134029418230056763 0.020531160756945610046 0.018522283062338829041 0.015198489651083946228 0.012547675520181655884 0.013509961776435375214 0.013350021094083786011 0.012676224112510681152 0.011438838206231594086 0.0135475965216755867 0.013637651689350605011 0.01325124688446521759 0.011638507246971130371 0.012935602106153964996 0.013170225545763969421 0.013787378557026386261 0.012632836587727069855 0.014390504918992519379 0.01395792793482542038 0.017615098506212234497 0.017237387597560882568 0.016548948362469673157 0.01625477522611618042 0.014705090783536434174 0.014105970039963722229 0.014340566471219062805 0.013030446134507656097 0.014730961062014102936 0.015105239115655422211 0.014897388406097888947 0.014816817827522754669 0.014122068881988525391 0.014232037588953971863 0.016969000920653343201 0.015374091453850269318 0.014530356042087078094
0.016401175409555435181 0.018318109214305877686 0.01873154565691947937 0.017933987081050872803 0.015120378695428371429 0.014298670925199985504 0.012169699184596538544 0.014286426827311515808 0.015383034944534301758 0.013264883309602737427 0.012841170653700828552 0.012410383671522140503 0.013425114564597606659 0.013122217729687690735 0.013026849366724491119 0.013264322653412818909 0.013200434856116771698 0.013098126277327537537 0.012767873704433441162 0.01487412676215171814 0.011912826448678970337 0.015507388859987258911 0.01584500633180141449 0.015625927597284317017 0.017566127702593803406 0.016322601586580276489 0.01600429043173789978 0.012987006455659866333 0.014361544512212276459 0.013911436311900615692 0.015227128751575946808 0.014818478375673294067 0.014960818924009799957 0.017456503584980964661 0.014870213344693183899 0.017802737653255462646 0.017728038132190704346 0.013403159566223621368
0.026554215699434280396 0.023821141570806503296 0.02422505989670753479 0.022485502064228057861 0.016047369688749313354 0.014355354011058807373 0.013739178888499736786 0.015849299728870391846 0.019646978005766868591 0.014629106037318706512 0.015116502530872821808 0.015295101329684257507 0.014704745262861251831 0.017152410000562667847 0.013778057880699634552 0.015049573034048080444 0.015109951607882976532 0.014297126792371273041 0.014930118806660175323 0.016939269378781318665 0.014859045855700969696 0.016113905236124992371 0.01590251922607421875 0.015486765652894973755 0.018554678186774253845 0.019151469692587852478 0.016054103150963783264 0.015195159241557121277 0.016311826184391975403 0.014782016165554523468 0.014986258000135421753 0.017987580969929695129 0.01591460593044757843 0.018131336197257041931 0.013338786549866199493 0.01308210473507642746 0.014221647754311561584 0.015052274800837039948
0.023198530077934265137 0.021147036924958229065 0.023716280236840248108 0.020354645326733589172 0.016470776870846748352 0.01578233763575553894 0.016026990488171577454 0.016678256914019584656 0.01752510853111743927 0.015362919308245182037 0.015607777982950210571 0.015373813919723033905 0.015154858119785785675 0.018177948892116546631 0.015979114919900894165 0.015510234981775283813 0.014652074314653873444 0.013225789181888103485 0.014743846841156482697 0.014133950695395469666 0.014311549253761768341 0.014327119104564189911 0.017443299293518066406 0.014475076459348201752 0.016151353716850280762 0.015949245542287826538 0.017433552071452140808 0.01528885960578918457 0.015934091061353683472 0.016401175409555435181 0.015884356573224067688 0.017558511346578598022 0.015121483244001865387 0.018034860491752624512 0.01357073616236448288 0.014756251126527786255 0.018065417185425758362 0.014821901917457580566
0.020636813715100288391 0.019823523238301277161 0.028980599716305732727 0.027023395523428916931 0.016225242987275123596 0.016036549583077430725 0.015940103679895401001 0.019611699506640434265 0.022467579692602157593 0.025255082175135612488 0.01636501215398311615 0.014614930376410484314 0.015210482291877269745 0.014990511350333690643 0.018708502873778343201 0.021363226696848869324 0.022611124441027641296 0.012651606462895870209 0.013342163525521755219 0.013814019039273262024 0.014646709896624088287 0.014526347629725933075 0.019025733694434165955 0.014103175140917301178 0.013256458565592765808 0.013343989849090576172 0.014082585461437702179 0.012603254057466983795 0.012954022735357284546 0.014960005879402160645 0.01707692071795463562 0.015505661256611347198 0.019512878730893135071 0.015865011140704154968 0.014392489567399024963 0.016198366880416870117 0.013117817230522632599 0.015258009545505046844
0.020845379680395126343 0.019986985251307487488 0.024123068898916244507 0.02561507001519203186 0.021518280729651451111 0.023112136870622634888 0.021058961749076843262 0.019721699878573417664 0.024765459820628166199 0.024183420464396476746 0.019426153972744941711 0.017608029767870903015 0.016505317762494087219 0.017649317160248756409 0.01999033801257610321 0.018728354945778846741 0.015604793094098567963 0.01359814964234828949 0.013114807195961475372 0.012361646629869937897 0.015645110979676246643 0.013583783060312271118 0.01284130290150642395 0.014244750142097473145 0.013994673267006874084 0.012514930218458175659 0.012393024750053882599 0.013013522140681743622 0.011965889483690261841 0.014986034482717514038 0.016953766345977783203 0.01850274205207824707 0.013344369828701019287 0.016173444688320159912 0.013869741931557655334 0.011972970329225063324 0.014317550696432590485 0.014525808393955230713
0.01955641619861125946 0.019524103030562400818 0.024415431544184684753 0.0181368216872215271 0.02294404245913028717 0.027859417721629142761 0.0200815591961145401 0.020319096744060516357 0.018832605332136154175 0.023704873397946357727 0.025039328262209892273 0.021880123764276504517 0.022839628159999847412 0.022547258064150810242 0.016235439106822013855 0.016116008162498474121 0.015752380713820457458 0.012787871994078159332 0.011197720654308795929 0.011522990651428699493 0.011571879498660564423 0.011280183680355548859 0.011519677005708217621 0.011678850278258323669 0.011651948094367980957 0.012742105871438980103 0.011066809296607971191 0.013808041810989379883 0.011539512313902378082 0.014854603447020053864 0.019920354709029197693 0.019435193389654159546 0.019248452037572860718 0.018332952633500099182 0.017184503376483917236 0.016658827662467956543 0.021506689488887786865 0.018746441230177879333
