jupyter examples/soil_preprocess_workflow/f.asc
ncols        102
nrows        75
xllcorner    470901.411187618272
yllcorner    3795499.249576271046
cellsize     250.000000000000
NODATA_value  -9999
[rows 51 to 67 of 75, columns 38 to 75 of 102]
0.016227714717388153076 0.013816080056130886078 0.016180513426661491394 0.01606030389666557312 0.016974158585071563721 0.0200995616614818573 0.016432682052254676819 0.017020110040903091431 0.012062737718224525452 0.01105973217636346817 0.011660916730761528015 0.011877186596393585205 0.013758497312664985657 0.012655120342969894409 0.013081662356853485107 0.013999968767166137695 0.013883690349757671356 0.014612837694585323334 0.016425320878624916077 0.01787028089165687561 0.017396755516529083252 0.015442873351275920868 0.01736714877188205719 0.017100967466831207275 0.013904217630624771118 0.014336058869957923889 0.014087148942053318024 0.013488431461155414581 0.013285620138049125671 0.014690461568534374237 0.015189787372946739197 0.014259693212807178497 0.012695288285613059998 0.012852102518081665039 0.011413420550525188446 0.012022016569972038269 0.012623604387044906616 0.013914160430431365967
0.014779407531023025513 0.013961004093289375305 0.016794336959719657898 0.016051912680268287659 0.01415971759706735611 0.016859071329236030579 0.013900909572839736938 0.018697692081332206726 0.014824868179857730865 0.013794994913041591644 0.012673756107687950134 0.012608945369720458984 0.012884349562227725983 0.014504445716738700867 0.012380079366266727448 0.012406035326421260834 0.016475943848490715027 0.012901265174150466919 0.014364998787641525269 0.013235288672149181366 0.014817464165389537811 0.015442992560565471649 0.01592813245952129364 0.01652846112847328186 0.01578350551426410675 0.016106128692626953125 0.013707698322832584381 0.014252323657274246216 0.01441924460232257843 0.014566058292984962463 0.01468972768634557724 0.01421504095196723938 0.011383672244846820831 0.012915262952446937561 0.011848954483866691589 0.012626698240637779236 0.012630554847419261932 0.011779489926993846893
0.015823787078261375427 0.014801213517785072327 0.013192711398005485535 0.017113536596298217773 0.014530269429087638855 0.013923137448728084564 0.016084603965282440186 0.014483591541647911072 0.017487348988652229309 0.013233731500804424286 0.013989571481943130493 0.012969646602869033813 0.01337026059627532959 0.014817995019257068634 0.01685691438615322113 0.013626398518681526184 0.014830615371465682983 0.012797614559531211853 0.014091838151216506958 0.01489058416336774826 0.01491995248943567276 0.013192046433687210083 0.016598170623183250427 0.01719634421169757843 0.017658956348896026611 0.015138738788664340973 0.013432496227324008942 0.014771127142012119293 0.015076414681971073151 0.015035967342555522919 0.016083793714642524719 0.015105074271559715271 0.014263491146266460419 0.013444467447698116302 0.013409218750894069672 0.013901450671255588531 0.013795758597552776337 0.013162479735910892487
0.013551208190619945526 0.012246639467775821686 0.01415087282657623291 0.014534498564898967743 0.013661351986229419708 0.012712717987596988678 0.01294129248708486557 0.01409680582582950592 0.012909885495901107788 0.01303115207701921463 0.016349142417311668396 0.017892209812998771667 0.018282752484083175659 0.01712260022759437561 0.015158938243985176086 0.013724315911531448364 0.012610149569809436798 0.012926942668855190277 0.013751864433288574219 0.012923660688102245331 0.013474081642925739288 0.01463676057755947113 0.015033525414764881134 0.014511806890368461609 0.014272928237915039062 0.015408309176564216614 0.013990219682455062866 0.013885552994906902313 0.01473856903612613678 0.014118006452918052673 0.01432069484144449234 0.013945931568741798401 0.014598831534385681152 0.014969145879149436951 0.013287793844938278198 0.013228822499513626099 0.01374064665287733078 0.013790806755423545837
0.012795432470738887787 0.012071472592651844025 0.013822655193507671356 0.014239033684134483337 0.013854082673788070679 0.012353184632956981659 0.013066124171018600464 0.014390639029443264008 0.012688329443335533142 0.012425935827195644379 0.016680188477039337158 0.017347225919365882874 0.018809136003255844116 0.017632819712162017822 0.014386346563696861267 0.014298442751169204712 0.013631415553390979767 0.012503135018050670624 0.013497793115675449371 0.013712364248931407928 0.014313576743006706238 0.014786653220653533936 0.014590100385248661041 0.014041490852832794189 0.013512910343706607819 0.014317643828690052032 0.013879994861781597137 0.013433967716991901398 0.01481579802930355072 0.013636176474392414093 0.013639465905725955963 0.013499563559889793396 0.013744289055466651917 0.014371693134307861328 0.013118864037096500397 0.013485303148627281189 0.014157955534756183624 0.01489659678190946579
0.016331592574715614319 0.013515923172235488892 0.014121789485216140747 0.013821736909449100494 0.013665740378201007843 0.014899181202054023743 0.01579160057008266449 0.015750890597701072693 0.012669065967202186584 0.014341233298182487488 0.016479093581438064575 0.013897758908569812775 0.01490239705890417099 0.015513421036303043365 0.013292502611875534058 0.01410634256899356842 0.014900659210979938507 0.014688848517835140228 0.012504300102591514587 0.01235329359769821167 0.013911101967096328735 0.012557753361761569977 0.013032509945333003998 0.017134524881839752197 0.016536979004740715027 0.014781808480620384216 0.014806882478296756744 0.015495412051677703857 0.014650177210569381714 0.015650235116481781006 0.014824635349214076996 0.014449542388319969177 0.014554469846189022064 0.012398259714245796204 0.012748442590236663818 0.013984013348817825317 0.012758417986333370209 0.012862476520240306854
0.01364610716700553894 0.013373001478612422943 0.01416066288948059082 0.013314067386090755463 0.0132411150261759758 0.011866010725498199463 0.012024319730699062347 0.011910470202565193176 0.011677986010909080505 0.01368157658725976944 0.013347538188099861145 0.013305387459695339203 0.01640434563159942627 0.013768550939857959747 0.016245955601334571838 0.013252961449325084686 0.012994574382901191711 0.017360687255859375 0.013352708891034126282 0.014899934642016887665 0.015990596264600753784 0.016069784760475158691 0.017830545082688331604 0.022002711892127990723 0.014076308347284793854 0.013147204183042049408 0.013505182228982448578 0.016041848808526992798 0.013394943438470363617 0.014448539353907108307 0.014052969403564929962 0.013131461106240749359 0.013296764343976974487 0.013203440234065055847 0.012503478676080703735 0.012501090764999389648 0.012400619685649871826 0.0096263214945793151855
0.010577831417322158813 0.0098195858299732208252 0.01041242014616727829 0.01270388532429933548 0.012034070678055286407 0.012522497214376926422 0.011647349223494529724 0.013480745255947113037 0.014020592905580997467 0.014999421313405036926 0.013648724183440208435 0.01196542009711265564 0.012266008183360099792 0.013701651245355606079 0.015461648814380168915 0.015672257170081138611 0.016273107379674911499 0.017862100154161453247 0.01260499563068151474 0.013526899740099906921 0.014414198696613311768 0.015747573226690292358 0.0155876893550157547 0.01552197430282831192 0.013293123804032802582 0.01277184952050447464 0.011463920585811138153 0.013935207389295101166 0.01357905752956867218 0.014027551747858524323 0.012746121734380722046 0.012085014954209327698 0.011993135325610637665 0.011180597357451915741 0.01155332569032907486 0.011088349856436252594 0.0099375508725643157959 0.01279179845005273819
0.011648601852357387543 0.010489271953701972961 0.011956450529396533966 0.010866677388548851013 0.010413813404738903046 0.011115137487649917603 0.012803570367395877838 0.012554341927170753479 0.012617019936442375183 0.011296348646283149719 0.0109910573810338974 0.012993356212973594666 0.011468331329524517059 0.011657114140689373016 0.012556143105030059814 0.013688347302377223969 0.014399463310837745667 0.014524754136800765991 0.012820321135222911835 0.013724779710173606873 0.013325909152626991272 0.014108856208622455597 0.014346518553793430328 0.013563899323344230652 0.011731663718819618225 0.011204592883586883545 0.010745815001428127289 0.012309770099818706512 0.012445168569684028625 0.013813655823469161987 0.013068668544292449951 0.011650437489151954651 0.010129931382834911346 0.010428213514387607574 0.01075726095587015152 0.010677332989871501923 0.010372934862971305847 0.012002485804259777069
0.010777554474771022797 0.010094475001096725464 0.010285767726600170135 0.009784221649169921875 0.010456417687237262726 0.010787094943225383759 0.012363331392407417297 0.012462330050766468048 0.012916442006826400757 0.013343057595193386078 0.012561574578285217285 0.012370344251394271851 0.01013206876814365387 0.0107143353670835495 0.01098193041980266571 0.01384500507265329361 0.014670303091406822205 0.012492157518863677979 0.013708136975765228271 0.013400369323790073395 0.012642385438084602356 0.012555683031678199768 0.011667652055621147156 0.011927485466003417969 0.012095492333173751831 0.012412198819220066071 0.012310498394072055817 0.013004135340452194214 0.012713338248431682587 0.012095434591174125671 0.011815401725471019745 0.010388552211225032806 0.010603266768157482147 0.01258104667067527771 0.012394230812788009644 0.010852503590285778046 0.0094700343906879425049 0.0094121564179658889771
0.012482633814215660095 0.013092248700559139252 0.012975066900253295898 0.012636954896152019501 0.013003779575228691101 0.013461854308843612671 0.011004081927239894867 0.010327181778848171234 0.011153358034789562225 0.01321471482515335083 0.012141377665102481842 0.010789135470986366272 0.011843902058899402618 0.011471192352473735809 0.011847665533423423767 0.011959493160247802734 0.012978721410036087036 0.012623730115592479706 0.012037893757224082947 0.012097510509192943573 0.013433109037578105927 0.013035149313509464264 0.012528685852885246277 0.011464276351034641266 0.013642717152833938599 0.012568950653076171875 0.013208181597292423248 0.01120747346431016922 0.011546039022505283356 0.011716255918145179749 0.011124738492071628571 0.012186717242002487183 0.012070767581462860107 0.011922867968678474426 0.012774007394909858704 0.012006840668618679047 0.010921102017164230347 0.012732859700918197632
0.015458435751497745514 0.013037201948463916779 0.013620438985526561737 0.015948852524161338806 0.01313855685293674469 0.013504088856279850006 0.012408257462084293365 0.012700566090643405914 0.012121648527681827545 0.012235167436301708221 0.013120171613991260529 0.012170073576271533966 0.011551036499440670013 0.009828396141529083252 0.0096242669969797134399 0.011283416301012039185 0.011041663587093353271 0.012549219653010368347 0.011828177608549594879 0.01165253855288028717 0.014488748274743556976 0.012479232624173164368 0.01009219978004693985 0.011504459194839000702 0.012598510831594467163 0.010670548304915428162 0.01188136078417301178 0.012928304262459278107 0.011921946890652179718 0.011213420890271663666 0.011399121955037117004 0.011195167899131774902 0.011794466525316238403 0.011338021606206893921 0.011687709949910640717 0.012866469100117683411 0.012094921432435512543 0.012444153428077697754
0.014768392778933048248 0.015713375061750411987 0.014664304442703723907 0.01538358442485332489 0.016701262444257736206 0.014209592714905738831 0.012899192050099372864 0.011436200700700283051 0.0119258929044008255 0.011695975437760353088 0.012410828843712806702 0.011223512701690196991 0.01100960560142993927 0.010432965122163295746 0.010525921359658241272 0.011635836213827133179 0.011247320100665092468 0.012176559306681156158 0.011937541887164115906 0.010590351186692714691 0.012840447947382926941 0.010695042088627815247 0.011411667801439762115 0.012223523110151290894 0.012825841084122657776 0.010789155960083007812 0.01253030821681022644 0.011762931011617183685 0.011605774983763694763 0.012545269913971424103 0.012935839593410491943 0.01182427629828453064 0.013499229215085506439 0.010742240585386753082 0.014439779333770275116 0.011578443460166454315 0.012125335633754730225 0.012697621248662471771
0.012170367874205112457 0.012233999557793140411 0.012024220079183578491 0.015218461863696575165 0.01501989271491765976 0.014519959688186645508 0.01309064868837594986 0.012938555330038070679 0.012492083944380283356 0.012263728305697441101 0.011885882355272769928 0.010679485276341438293 0.010610734112560749054 0.010385796427726745605 0.01009705662727355957 0.010483472608029842377 0.012108869850635528564 0.012791760265827178955 0.011076094582676887512 0.011083751916885375977 0.013153285719454288483 0.011384970508515834808 0.010995997115969657898 0.010558679699897766113 0.013097980991005897522 0.013036031275987625122 0.012923438102006912231 0.012284683063626289368 0.0097816158086061477661 0.013902463950216770172 0.012815529480576515198 0.013026771135628223419 0.012661025859415531158 0.011302420869469642639 0.012831263244152069092 0.012847363017499446869 0.01220492832362651825 0.011432101018726825714
0.012970620766282081604 0.012383079156279563904 0.011861564591526985168 0.013336523436009883881 0.01324757654219865799 0.014628521166741847992 0.014619641005992889404 0.013918822631239891052 0.01243903767317533493 0.012627528980374336243 0.011049197986721992493 0.010242206975817680359 0.01095404941588640213 0.011002776212990283966 0.011917510069906711578 0.012925599701702594757 0.013198290951550006866 0.011729739606380462646 0.01208924315869808197 0.011903065256774425507 0.011186819523572921753 0.011608818545937538147 0.010661928914487361908 0.010599924251437187195 0.012779372744262218475 0.012383598834276199341 0.010449109598994255066 0.012065371498465538025 0.01203199382871389389 0.011270631104707717896 0.013799409382045269012 0.01428648829460144043 0.011492501944303512573 0.012108314782381057739 0.011006139218807220459 0.011149469763040542603 0.011281019076704978943 0.013945148326456546783
0.015603839419782161713 0.014766576699912548065 0.013024249114096164703 0.012815550900995731354 0.013530653901398181915 0.014335066080093383789 0.014717250131070613861 0.014874141663312911987 0.012214153073728084564 0.011791044846177101135 0.011773304082453250885 0.011132243089377880096 0.010834229178726673126 0.010592901147902011871 0.011603846214711666107 0.012217659503221511841 0.011413725093007087708 0.011896057985723018646 0.011584213003516197205 0.011685058474540710449 0.011984309181571006775 0.011566266417503356934 0.012113295495510101318 0.010084649547934532166 0.011337858624756336212 0.011124080047011375427 0.0097480099648237228394 0.010304819792509078979 0.01206470094621181488 0.011399292387068271637 0.010635942220687866211 0.011229443363845348358 0.01168712228536605835 0.013129951432347297668 0.016424469649791717529 0.015294509939849376678 0.015576456673443317413 0.016563301905989646912
0.014889189973473548889 0.013673726469278335571 0.013361124321818351746 0.013041913509368896484 0.013732099905610084534 0.013942159712314605713 0.016910433769226074219 0.01293404214084148407 0.012656440958380699158 0.012006423436105251312 0.01217939332127571106 0.012665282934904098511 0.012093655765056610107 0.012522082775831222534 0.012480219826102256775 0.012403222732245922089 0.011586669832468032837 0.011629681102931499481 0.011484134010970592499 0.011571216396987438202 0.011257981881499290466 0.011282331310212612152 0.011768758296966552734 0.012223616242408752441 0.010829142294824123383 0.010619692504405975342 0.0087212398648262023926 0.0094147119671106338501 0.011764649301767349243 0.011067122220993041992 0.011440483853220939636 0.010407635010778903961 0.012534765526652336121 0.013185473158955574036 0.01284879632294178009 0.012708832509815692902 0.012701615691184997559 0.0099835311993956565857
